-212894486 1896898031 334468217 1442298830 
535295348 -749094687 -735517664 361643515 
-187673441 -398047474 1752219536 -556658072 
2072814413 408605954 -1704479105 657205175 
1489219721 1937074359 1452915900 700936672 
665728885 267162934 260146766 634706806 
-697399516 -881798858 -1339427019 1856731272 
-1491385834 1805199957 -190337387 -2124321682 
1287370175 1394522317 1756459661 462317299 
1914064808 1245710660 -325583897 1873968365 
2078947196 -1795183173 428194586 -1201465827 
-829413891 724835181 480902734 -108242353 
1717917203 438870196 56070342 97242519 
-327668709 584819537 -219240451 -1993379209 
-1158069650 886672253 1300679378 -1158886486 
1985690849 -748765925 1290273566 -2040776525 
