705467650 -2420389660 -1520591812 681175727 
1484557806 104828053 2798135139 -78387948 
-255153280 816302382 -1386448545 633051962 
-2246732956 -2130934115 3312024833 1169848010 
113107012 -2390418102 -1570047210 -639064853 
-2134505759 -1608512441 -1657184176 387775646 
-1279650653 3026029918 1506502246 -3506547138 
542561777 -1820336912 -583020818 1349928729 
-2524825479 -2425776670 -2852744809 -845783816 
-1499832312 42962712 806598471 -2781977606 
-1186497645 -105312257 -1680407668 -707402610 
-281533801 -463828302 -319256300 -1763189341 
-2322667889 -85410143 230715872 943733331 
2129465901 -1011792356 1945716650 596000054 
911278960 -2665858433 -1052106978 2868546156 
-3273002406 943078189 300489584 1655735116 
