-492573098 523491629 1186123595 -2123474503 
-2019853119 644266634 -2062617475 -283255553 
442826756 -418254907 -365770988 -76393890 
173918641 1722328161 -1607545728 -1827053120 
-1602326643 453343743 117131310 -61871737 
1468776964 1341349508 1397037419 -1022482452 
1977050240 -2144231060 -167075227 1649815959 
948824121 15136955 773358205 774392999 
1237455341 1031254353 1096285148 383466523 
-414232487 -1288673372 -481014574 908009278 
-892449480 1900495431 1252213083 1908868437 
1110947701 -261006878 -161646428 1871431694 
604750784 -353460052 -286786211 -1040975850 
-1801797155 426972820 -1726476193 1397379155 
246790785 1779186180 -248572400 -1709659582 
1287311604 -194312264 -1590763150 385041502 
